exp/iibiii/10000.history.csv:1:,loss,accuracy,val_loss,val_accuracy
exp/iibiii/10000.history.csv:2:0,2.3337342739105225,0.22646960616111755,2.066803455352783,0.3019999861717224
exp/iibiii/10000.history.csv:3:1,1.922827959060669,0.36304032802581787,1.8548496961593628,0.3779999911785126
exp/iibiii/10000.history.csv:4:2,1.8174127340316772,0.398044228553772,1.9045854806900024,0.37599998712539673
exp/iibiii/10000.history.csv:5:3,1.7571604251861572,0.4252694845199585,1.72797691822052,0.4339999854564667
exp/iibiii/10000.history.csv:6:4,1.707095980644226,0.4388265311717987,1.7132370471954346,0.4359999895095825
exp/iibiii/10000.history.csv:7:5,1.6929033994674683,0.4482720196247101,1.7072428464889526,0.4339999854564667
exp/iibiii/10000.history.csv:8:6,1.639346957206726,0.471052348613739,1.628998041152954,0.4699999988079071
exp/iibiii/10000.history.csv:9:7,1.6101280450820923,0.4820535480976105,1.6072074174880981,0.49000000953674316
exp/iibiii/10000.history.csv:10:8,1.5760064125061035,0.5000555515289307,1.5912474393844604,0.4869999885559082
exp/iibiii/10000.history.csv:11:9,1.557072639465332,0.5137237310409546,1.5791701078414917,0.503000020980835
exp/iibiii/10000.history.csv:12:10,1.5518481731414795,0.5088343024253845,1.5451045036315918,0.5019999742507935
exp/iibiii/10000.history.csv:13:11,1.5161662101745605,0.524502694606781,1.5188490152359009,0.5230000019073486
exp/iibiii/10000.history.csv:14:12,1.5083214044570923,0.5300589203834534,1.5603021383285522,0.503000020980835
exp/iibiii/10000.history.csv:15:13,1.4832700490951538,0.5390598773956299,1.5672128200531006,0.49799999594688416
exp/iibiii/10000.history.csv:16:14,1.4698729515075684,0.5511723756790161,1.4802478551864624,0.5370000004768372
exp/iibiii/10000.history.csv:17:15,1.469124436378479,0.5416157245635986,1.493841290473938,0.531000018119812
exp/iibiii/10000.history.csv:18:16,1.4473930597305298,0.5611734390258789,1.4909659624099731,0.531000018119812
exp/iibiii/10000.history.csv:19:17,1.434888482093811,0.5563951730728149,1.4939522743225098,0.5199999809265137
exp/iibiii/10000.history.csv:20:18,1.4325472116470337,0.5662851333618164,1.4709335565567017,0.5509999990463257
exp/iibiii/10000.history.csv:21:19,1.4220548868179321,0.5683965086936951,1.478902816772461,0.5289999842643738
exp/iibiii/1000.history.csv:1:,loss,accuracy,val_loss,val_accuracy
exp/iibiii/1000.history.csv:2:0,2.8050642013549805,0.11012236028909683,2.7466750144958496,0.11999999731779099
exp/iibiii/1000.history.csv:3:1,2.6857781410217285,0.10567297041416168,2.6589608192443848,0.07000000029802322
exp/iibiii/1000.history.csv:4:2,2.5849201679229736,0.12013348191976547,2.5394535064697266,0.18000000715255737
exp/iibiii/1000.history.csv:5:3,2.481689929962158,0.17575083673000336,2.4585254192352295,0.17000000178813934
exp/iibiii/1000.history.csv:6:4,2.3999431133270264,0.17241379618644714,2.2993741035461426,0.2199999988079071
exp/iibiii/1000.history.csv:7:5,2.2889046669006348,0.23248054087162018,2.161621332168579,0.28999999165534973
exp/iibiii/1000.history.csv:8:6,2.2312047481536865,0.28809788823127747,2.1278469562530518,0.27000001072883606
exp/iibiii/1000.history.csv:9:7,2.146411895751953,0.29588431119918823,2.124466896057129,0.25
exp/iibiii/1000.history.csv:10:8,2.1910433769226074,0.28809788823127747,2.092045545578003,0.2800000011920929
exp/iibiii/1000.history.csv:11:9,2.074840545654297,0.32925471663475037,2.095581531524658,0.2800000011920929
exp/iibiii/1000.history.csv:12:10,2.0756759643554688,0.3359287977218628,2.016228675842285,0.33000001311302185
exp/iibiii/1000.history.csv:13:11,1.9890202283859253,0.3592880964279175,1.980830430984497,0.38999998569488525
exp/iibiii/1000.history.csv:14:12,1.9515184164047241,0.39933258295059204,1.9905619621276855,0.3100000023841858
exp/iibiii/1000.history.csv:15:13,1.9252126216888428,0.38264739513397217,1.9183686971664429,0.4300000071525574
exp/iibiii/1000.history.csv:16:14,1.9119596481323242,0.395995557308197,1.857276201248169,0.36000001430511475
exp/iibiii/1000.history.csv:17:15,1.865661382675171,0.42269188165664673,1.8722519874572754,0.3799999952316284
exp/iibiii/1000.history.csv:18:16,1.8843965530395508,0.40823137760162354,1.8990055322647095,0.4000000059604645
exp/iibiii/1000.history.csv:19:17,1.8519816398620605,0.4071190357208252,1.9449949264526367,0.3499999940395355
exp/iibiii/1000.history.csv:20:18,1.920185923576355,0.39043381810188293,1.9076156616210938,0.3499999940395355
exp/iibiii/1000.history.csv:21:19,1.883837103843689,0.3870967626571655,1.9665683507919312,0.3199999928474426
exp/iibiii/10.history.csv:1:,loss,accuracy,val_loss,val_accuracy
exp/iibiii/10.history.csv:2:0,2.8304877281188965,0.125,2.8195438385009766,0.0
exp/iibiii/10.history.csv:3:1,2.788813591003418,0.25,2.843653440475464,0.0
exp/iibiii/10.history.csv:4:2,2.6960792541503906,0.25,2.88212513923645,0.0
exp/iibiii/10.history.csv:5:3,2.550380229949951,0.625,2.956256866455078,0.0
exp/iibiii/10.history.csv:6:4,2.4769961833953857,0.25,3.0782907009124756,0.0
exp/iibiii/10.history.csv:7:5,2.4555320739746094,0.25,3.276397228240967,0.0
exp/iibiii/10.history.csv:8:6,2.2920007705688477,0.25,3.5588619709014893,0.0
exp/iibiii/10.history.csv:9:7,1.955659031867981,0.375,3.972245216369629,0.0
exp/iibiii/10.history.csv:10:8,1.909759283065796,0.5,4.503538608551025,0.0
exp/iibiii/10.history.csv:11:9,1.9672048091888428,0.5,5.069591999053955,0.0
exp/iibiii/10.history.csv:12:10,2.297062635421753,0.375,5.420151710510254,0.0
exp/iibiii/10.history.csv:13:11,2.182525157928467,0.375,5.642847537994385,0.0
exp/iibiii/10.history.csv:14:12,1.7702748775482178,0.5,5.845866680145264,0.0
exp/iibiii/10.history.csv:15:13,1.7026722431182861,0.375,6.043738842010498,0.0
exp/iibiii/10.history.csv:16:14,2.031200408935547,0.25,6.163311004638672,0.0
exp/iibiii/10.history.csv:17:15,1.7359250783920288,0.5,6.273960113525391,0.0
exp/iibiii/10.history.csv:18:16,1.6651941537857056,0.375,6.398638725280762,0.0
exp/iibiii/10.history.csv:19:17,1.8800337314605713,0.375,6.471218109130859,0.0
exp/iibiii/10.history.csv:20:18,1.6601042747497559,0.75,6.560254096984863,0.0
exp/iibiii/10.history.csv:21:19,1.70735764503479,0.75,6.635164260864258,0.0
exp/iibiii/20000.history.csv:1:,loss,accuracy,val_loss,val_accuracy
exp/iibiii/20000.history.csv:2:0,2.2455122470855713,0.26190343499183655,1.919282078742981,0.3675000071525574
exp/iibiii/20000.history.csv:3:1,1.8395298719406128,0.39507749676704407,1.7407130002975464,0.4345000088214874
exp/iibiii/20000.history.csv:4:2,1.745851755142212,0.4245791435241699,1.6932260990142822,0.4505000114440918
exp/iibiii/20000.history.csv:5:3,1.6820873022079468,0.45185843110084534,1.6782058477401733,0.4449999928474426
exp/iibiii/20000.history.csv:6:4,1.6308165788650513,0.46941497921943665,1.6018218994140625,0.4869999885559082
exp/iibiii/20000.history.csv:7:5,1.5918844938278198,0.48830491304397583,1.5525116920471191,0.5214999914169312
exp/iibiii/20000.history.csv:8:6,1.5588270425796509,0.49869436025619507,1.510054349899292,0.5239999890327454
exp/iibiii/20000.history.csv:9:7,1.5402120351791382,0.5090282559394836,1.4849987030029297,0.5354999899864197
exp/iibiii/20000.history.csv:10:8,1.5212209224700928,0.5144174695014954,1.5036650896072388,0.5295000076293945
exp/iibiii/20000.history.csv:11:9,1.5043343305587769,0.5269181728363037,1.4618743658065796,0.5460000038146973
exp/iibiii/20000.history.csv:12:10,1.4849973917007446,0.5306406021118164,1.4543156623840332,0.5485000014305115
exp/iibiii/20000.history.csv:13:11,1.4602330923080444,0.5429190397262573,1.447571873664856,0.5534999966621399
exp/iibiii/20000.history.csv:14:12,1.4492868185043335,0.5510306358337402,1.4062390327453613,0.5699999928474426
exp/iibiii/20000.history.csv:15:13,1.4416102170944214,0.5491971969604492,1.4349768161773682,0.5619999766349792
exp/iibiii/20000.history.csv:16:14,1.4219176769256592,0.5588643550872803,1.4110593795776367,0.565500020980835
exp/iibiii/20000.history.csv:17:15,1.4128278493881226,0.5600866675376892,1.4062232971191406,0.5759999752044678
exp/iibiii/20000.history.csv:18:16,1.4025399684906006,0.5669759511947632,1.3839473724365234,0.5740000009536743
exp/iibiii/20000.history.csv:19:17,1.3786803483963013,0.5756986737251282,1.3876553773880005,0.5789999961853027
exp/iibiii/20000.history.csv:20:18,1.38277006149292,0.5761431455612183,1.4054359197616577,0.5845000147819519
exp/iibiii/20000.history.csv:21:19,1.3622047901153564,0.585699200630188,1.3444300889968872,0.5975000262260437
exp/iibiii/30000.history.csv:1:,loss,accuracy,val_loss,val_accuracy
exp/iibiii/30000.history.csv:2:0,2.120870351791382,0.303122341632843,1.7801188230514526,0.4099999964237213
exp/iibiii/30000.history.csv:3:1,1.751511573791504,0.4229045510292053,1.6943484544754028,0.4416666626930237
exp/iibiii/30000.history.csv:4:2,1.6668901443481445,0.4556094706058502,1.634132981300354,0.4623333215713501
exp/iibiii/30000.history.csv:5:3,1.6087806224822998,0.47583243250846863,1.5451245307922363,0.48766666650772095
exp/iibiii/30000.history.csv:6:4,1.569264531135559,0.4920182228088379,1.4950286149978638,0.5193333625793457
exp/iibiii/30000.history.csv:7:5,1.530368447303772,0.5060557723045349,1.463483452796936,0.5253333449363708
exp/iibiii/30000.history.csv:8:6,1.5076353549957275,0.5172784328460693,1.474735975265503,0.5253333449363708
exp/iibiii/30000.history.csv:9:7,1.492339015007019,0.5237601399421692,1.4107167720794678,0.5569999814033508
exp/iibiii/30000.history.csv:10:8,1.4711414575576782,0.5335752964019775,1.4035658836364746,0.550000011920929
exp/iibiii/30000.history.csv:11:9,1.4479032754898071,0.5444275736808777,1.3672112226486206,0.5756666660308838
exp/iibiii/30000.history.csv:12:10,1.4395757913589478,0.5466128587722778,1.3562790155410767,0.5876666903495789
exp/iibiii/30000.history.csv:13:11,1.4300529956817627,0.5520575046539307,1.4207749366760254,0.562666654586792
exp/iibiii/30000.history.csv:14:12,1.4255105257034302,0.5527611970901489,1.3485920429229736,0.5823333263397217
exp/iibiii/30000.history.csv:15:13,1.3932713270187378,0.566465437412262,1.3128629922866821,0.6026666760444641
exp/iibiii/30000.history.csv:16:14,1.3815245628356934,0.5713545083999634,1.314426302909851,0.5863333344459534
exp/iibiii/30000.history.csv:17:15,1.365702748298645,0.5780584216117859,1.2787150144577026,0.612333357334137
exp/iibiii/30000.history.csv:18:16,1.3589106798171997,0.5780214071273804,1.3017489910125732,0.6056666374206543
exp/iibiii/30000.history.csv:19:17,1.3507161140441895,0.5852438807487488,1.3117058277130127,0.6016666889190674
exp/iibiii/30000.history.csv:20:18,1.333274245262146,0.5896884799003601,1.2458901405334473,0.625
exp/iibiii/30000.history.csv:21:19,1.3249784708023071,0.5926145315170288,1.2594242095947266,0.6209999918937683
exp/iibiii/40000.history.csv:1:,loss,accuracy,val_loss,val_accuracy
exp/iibiii/40000.history.csv:2:0,2.0100789070129395,0.32134225964546204,1.712688684463501,0.4309999942779541
exp/iibiii/40000.history.csv:3:1,1.6828110218048096,0.4451512396335602,1.56858491897583,0.49399998784065247
exp/iibiii/40000.history.csv:4:2,1.5936355590820312,0.4819578230381012,1.5205618143081665,0.5142499804496765
exp/iibiii/40000.history.csv:5:3,1.541261076927185,0.5061807036399841,1.504433274269104,0.527999997138977
exp/iibiii/40000.history.csv:6:4,1.4947947263717651,0.527347981929779,1.4114196300506592,0.5652499794960022
exp/iibiii/40000.history.csv:7:5,1.4671860933303833,0.5372649431228638,1.4132753610610962,0.5552499890327454
exp/iibiii/40000.history.csv:8:6,1.4439947605133057,0.5450429320335388,1.382384181022644,0.5774999856948853
exp/iibiii/40000.history.csv:9:7,1.418594241142273,0.5592100024223328,1.3940070867538452,0.574999988079071
exp/iibiii/40000.history.csv:10:8,1.3900699615478516,0.5690435767173767,1.3658565282821655,0.5892500281333923
exp/iibiii/40000.history.csv:11:9,1.3761616945266724,0.5743215084075928,1.3206045627593994,0.6010000109672546
exp/iibiii/40000.history.csv:12:10,1.3469200134277344,0.5851273536682129,1.2943686246871948,0.6069999933242798
exp/iibiii/40000.history.csv:13:11,1.3351751565933228,0.5910441875457764,1.2973612546920776,0.6077499985694885
exp/iibiii/40000.history.csv:14:12,1.3207151889801025,0.595766544342041,1.2720470428466797,0.6197500228881836
exp/iibiii/40000.history.csv:15:13,1.3123503923416138,0.5996555685997009,1.253387212753296,0.6262500286102295
exp/iibiii/40000.history.csv:16:14,1.2985928058624268,0.6059057116508484,1.2475359439849854,0.6330000162124634
exp/iibiii/40000.history.csv:17:15,1.286139726638794,0.6088224649429321,1.2382104396820068,0.6320000290870667
exp/iibiii/40000.history.csv:18:16,1.2712435722351074,0.6162393689155579,1.2698945999145508,0.6159999966621399
exp/iibiii/40000.history.csv:19:17,1.2657305002212524,0.6176005005836487,1.216135859489441,0.6457499861717224
exp/iibiii/40000.history.csv:20:18,1.2555330991744995,0.6229895353317261,1.2105283737182617,0.6455000042915344
exp/iibiii/40000.history.csv:21:19,1.239741563796997,0.6259062886238098,1.2044398784637451,0.6504999995231628
exp/iibiii/50000.history.csv:1:,loss,accuracy,val_loss,val_accuracy
exp/iibiii/50000.history.csv:2:0,1.9674593210220337,0.34707438945770264,1.7071747779846191,0.44339999556541443
exp/iibiii/50000.history.csv:3:1,1.704628348350525,0.440409779548645,1.63449227809906,0.47760000824928284
exp/iibiii/50000.history.csv:4:2,1.606817603111267,0.4813440442085266,1.513790488243103,0.519599974155426
exp/iibiii/50000.history.csv:5:3,1.543291449546814,0.5064334869384766,1.438271403312683,0.5406000018119812
exp/iibiii/50000.history.csv:6:4,1.4970723390579224,0.52672278881073,1.4032659530639648,0.5627999901771545
exp/iibiii/50000.history.csv:7:5,1.4613505601882935,0.5411231517791748,1.3484673500061035,0.5856000185012817
exp/iibiii/50000.history.csv:8:6,1.435652256011963,0.5490788817405701,1.384934902191162,0.571399986743927
exp/iibiii/50000.history.csv:9:7,1.4048091173171997,0.5620124936103821,1.3400678634643555,0.5875999927520752
exp/iibiii/50000.history.csv:10:8,1.3820436000823975,0.5740127563476562,1.2939915657043457,0.609000027179718
exp/iibiii/50000.history.csv:11:9,1.3638205528259277,0.5788573026657104,1.2829350233078003,0.6122000217437744
exp/iibiii/50000.history.csv:12:10,1.3449435234069824,0.5856797099113464,1.2433851957321167,0.6331999897956848
exp/iibiii/50000.history.csv:13:11,1.3333462476730347,0.5895909070968628,1.2085411548614502,0.6430000066757202
exp/iibiii/50000.history.csv:14:12,1.3164311647415161,0.599079966545105,1.203043818473816,0.6492000222206116
exp/iibiii/50000.history.csv:15:13,1.300726056098938,0.6060357093811035,1.2754417657852173,0.6208000183105469
exp/iibiii/50000.history.csv:16:14,1.2892041206359863,0.608057975769043,1.1917760372161865,0.6474000215530396
exp/iibiii/50000.history.csv:17:15,1.2772986888885498,0.6131247282028198,1.2029426097869873,0.6553999781608582
exp/iibiii/50000.history.csv:18:16,1.2742536067962646,0.6150803565979004,1.1696994304656982,0.6601999998092651
exp/iibiii/50000.history.csv:19:17,1.2571414709091187,0.6203471422195435,1.186444878578186,0.6520000100135803
exp/iibiii/50000.history.csv:20:18,1.2483773231506348,0.6237249970436096,1.1547846794128418,0.6611999869346619
exp/iibiii/50000.history.csv:21:19,1.2329041957855225,0.6315473914146423,1.153733730316162,0.6657999753952026
exp/iibiii/5000.history.csv:1:,loss,accuracy,val_loss,val_accuracy
exp/iibiii/5000.history.csv:2:0,2.5804600715637207,0.1544787734746933,2.2294421195983887,0.25600001215934753
exp/iibiii/5000.history.csv:3:1,2.1935317516326904,0.2525005638599396,2.054535388946533,0.3240000009536743
exp/iibiii/5000.history.csv:4:2,2.055549144744873,0.3158479630947113,1.9300391674041748,0.37400001287460327
exp/iibiii/5000.history.csv:5:3,1.9401310682296753,0.3531895875930786,1.8471633195877075,0.42399999499320984
exp/iibiii/5000.history.csv:6:4,1.836774468421936,0.3940875828266144,1.8766587972640991,0.41600000858306885
exp/iibiii/5000.history.csv:7:5,1.8250815868377686,0.4047566056251526,1.7986032962799072,0.4519999921321869
exp/iibiii/5000.history.csv:8:6,1.7890005111694336,0.41053566336631775,1.7761924266815186,0.44999998807907104
exp/iibiii/5000.history.csv:9:7,1.735042691230774,0.4376528263092041,1.7626057863235474,0.4359999895095825
exp/iibiii/5000.history.csv:10:8,1.7247977256774902,0.43654146790504456,1.7240127325057983,0.46000000834465027
exp/iibiii/5000.history.csv:11:9,1.7052565813064575,0.4496554732322693,1.6929445266723633,0.46799999475479126
exp/iibiii/5000.history.csv:12:10,1.6900386810302734,0.44632139801979065,1.7886316776275635,0.44600000977516174
exp/iibiii/5000.history.csv:13:11,1.6760817766189575,0.44187596440315247,1.6928282976150513,0.4740000069141388
exp/iibiii/5000.history.csv:14:12,1.6454790830612183,0.47077128291130066,1.7109702825546265,0.4480000138282776
exp/iibiii/5000.history.csv:15:13,1.656632661819458,0.46543675661087036,1.7323031425476074,0.45399999618530273
exp/iibiii/5000.history.csv:16:14,1.641906976699829,0.46832630038261414,1.7107006311416626,0.46000000834465027
exp/iibiii/5000.history.csv:17:15,1.6240320205688477,0.46921539306640625,1.748458743095398,0.44600000977516174
exp/iibiii/5000.history.csv:18:16,1.591177225112915,0.4872193932533264,1.741913914680481,0.44200000166893005
exp/iibiii/5000.history.csv:19:17,1.5712140798568726,0.49588796496391296,1.7086130380630493,0.44999998807907104
exp/iibiii/5000.history.csv:20:18,1.5945309400558472,0.4872193932533264,1.7091882228851318,0.4339999854564667
exp/iibiii/5000.history.csv:21:19,1.5688468217849731,0.49188709259033203,1.7176860570907593,0.4519999921321869
